80
79
9
60
2
96
81
17
79
26
68
97
83
21
30
50
21
80
74
72
49
18
1
24
33
23
42
43
27
16
10
78
4
11
28
63
82
43
82
31
5
7
36
70
73
18
96
64
23
98
22
21
20
50
82
28
69
88
74
77
62
86
58
25
77
10
68
27
53
53
99
51
45
17
27
19
50
34
92
26
16
33
74
53
60
25
81
21
40
54
95
54
99
28
59
96
59
29
50
14
81
76
65
19
40
43
90
41
82
50
9
8
64
21
97
46
87
58
83
57
66
80
21
61
6
87
71
9
67
51
70
37
2
58
50
18
1
82
52
98
78
1
94
29
98
78
40
57
88
70
12
5
74
13
58
81
97
78
98
21
53
27
54
5
79
77
37
85
21
97
70
59
53
26
21
22
62
24
70
76
35
21
75
5
18
71
32
85
53
46
51
86
25
10
99
83
15
43
70
74
97
10
21
9
3
50
44
62
59
49
78
31
55
61
85
38
27
9
82
64
95
74
85
72
85
15
12
82
3
42
14
66
37
43
89
42
41
52
91
84
77
73
76
65
15
1
34
53
57
76
73
53
92
53
75
71
28
83
64
72
54
33
88
100
48
90
23
59
58
92
2
40
13
68
65
44
81
87
80
31
16
52
17
81
34
95
21
83
16
55
48
29
36
32
13
77
47
88
43
92
69
40
76
75
5
40
36
84
58
22
18
31
28
20
46
91
100
70
28
67
53
76
21
41
81
61
68
52
45
97
100
76
25
42
46
19
28
18
66
83
36
49
61
81
49
4
84
54
76
17
16
97
67
24
10
5
74
24
55
97
35
58
48
43
97
38
31
75
61
23
38
31
84
25
26
48
100
66
66
85
25
34
84
92
45
8
96
43
39
95
26
69
10
77
14
77
32
62
57
61
47
99
45
31
92
11
32
52
48
89
77
82
86
48
69
32
69
71
47
3
58
2
15
50
3
16
41
1
55
32
36
50
88
95
100
95
19
23
71
65
68
84
49
68
96
83
54
69
67
29
23
34
17
100
24
55
55
65
69
65
46
50
72
68
33
12
86
30
75
17
52
8
98
6
34
97
30
71
43
78
91
22
20
57
81
77
46
19
26
29
12
56
90
9
22
22
19
32
87
80
87
63
27
41
55
23
7
49
13
85
3
34
80
50
89
69
56
35
21
88
39
33
38
43
27
4
30
44
10
45
41
19
60
26
81
39
45
93
25
89
28
77
62
83
5
13
73
39
40
75
1
73
35
19
63
17
44
9
6
52
82
29
47
61
54
95
87
35
73
60
76
88
58
100
40
64
80
23
87
37
52
63
39
28
95
16
29
42
20
44
53
65
84
25
22
78
68
97
76
83
45
23
34
79
39
77
77
41
12
2
71
74
41
66
25
66
32
5
11
63
63
54
87
97
55
53
66
92
11
91
36
54
22
25
54
88
48
20
30
43
95
68
49
6
42
36
40
60
44
92
6
71
50
27
35
45
56
79
73
21
44
17
92
20
2
71
39
66
36
96
45
68
7
38
38
52
45
4
11
51
82
11
57
2
61
1
94
55
88
62
59
15
1
23
14
76
68
30
57
59
30
63
79
42
25
87
51
94
47
13
88
42
4
71
47
95
59
84
88
45
77
25
79
17
57
49
24
71
18
69
88
98
69
12
77
92
5
11
60
26
60
6
80
44
59
28
19
62
52
5
54
100
43
65
71
38
98
88
17
29
21
2
79
19
62
67
100
52
66
79
5
46
65
92
92
69
53
76
75
87
36
67
69
50
7
11
13
56
87
97
71
40
69
79
54
54
17
38
49
97
5
62
7
50
39
59
84
37
47
72
77
54
37
81
30
5
61
48
40
31
92
98
57
11
18
2
70
56
99
12
31
76
29
39
5
27
97
79
66
17
37
36
73
22
2
9
37
18
48
100
100
7
44
99
97
90
6
78
54
95
52
50
80
64
23
23
26
93
3
10
19
38
50
54
77
58
96
15
25
65
14
3
46
62
52
96
76
43
33
6
45
84
68
15
31
59
4
89
37
84
13
98
58
12
37
72
6
46
83
57
97
97
95
45
70
71
97
61
34
42
63
80
68
40
28
64
46
31
100
42
68
71
77
82
45
35
10
38
44
98
12
68
18
40
92
33
30
20
96
86
40
67
79
52
43
16
3
91
54
10
90
35
84
67
70
96
43
36
11
16
16
11
87
21
39
75
92
60
96
11
84
13
47
92
73
1
64
69
49
13
75
77
37
28
74
16
97
48
87
50